*N NLogar arim
33'01 393933 303*
3302 39191827
3333 39192350
,3333 33333873
3333 33333336

Γ3ο6 33333333
307 39194442

8N· 30933333.

8333 39208535
8335 39809056
8336 39209577
8337 3 9210098
8338 39210619

...u—‘ff

8333 39211140
8349 39211661

88 · {34¹ 39333383
342 39212702 .

8343 39213222

Q*-

8344 33333733
8345 33333363

8 846 34921478
8 - 8337 39215304

8337 33333667
8338 39300389
8319 3 9200711
8320 39201233

unu*

83 21 39303799
8333 39202277

8333 39202799
8324 39203321
8333 3333-3-833

³2⁶ ³:⁹²0‘84'4. .

3333 39204
383 8444

80 039206—-4-50 3

833 8 39215824
Γ333 33Τ363 45

*3350 39216865 88
34 4:444 44
838 39218425 ’88

8333 33338333

Ν. 30 arith

8383 33336736 ,
8373 33337333 ’3
837Ῑ 33337773

8378 39888892
8373 39228811 ἒ

· 8334 3·0922933

8375 39229848 γ
8376 33333367 ⁴
Γ377 33333883
837 8 739231404

8888 38Ξὲ3ξέ

8383 3392 3338

9234513
9235031 ·.

. 8355 39219465 888

3836 39219984 88
8337 33336333 8
8338 33333333 8

Ὗ...-

83595939221543

360 39333063 89

8361 39222582 = 839
8362 39223102 8
8363 39223621 8 3

Ι 864 39224140
, . 83 4444
. - 8367 39339698 83 3.

88 388888
8399 33333376
300 939393

 

