v 9 ’004Μυ8190999 9011

” 19 14351.1314915,36101106.11 9168859

· 8 8 Grad.

‹af—''¹“

m... 44 Tang.
0 1391331140540810098136 91435 55 53 91438015

1 13946,1..1140833410098689 914445319148318-
1 13 934 91 14113 ,41 100991. ς03 9154 3493 91496311

· 140037·11414308 1009911 95140143 9110 441
14030 310181707110099934 9147135891514543 .'
140013119014110190311 914800191113017 .

6 14090.111413.111 10100369 9148914891531691

. · 1411891141613910101188 9149801591141739
14143 31 14191. 43 10101603 9515068649 111070 9
14136511431115 10101013 91515694 95155 9380

10 141053 31143508410104448 915145050119108773 ’
11 1413438041014 1010110 91133 308911777-18

1419108144399110101311 9115083491191040
1431141144090111114141 9111911491014109
. 143490144993110114518 9150819091013431

16 14338055 5914190110104995 ἰ,5·913300091611361

514406 84145 583110105. 13 89158568691031141
18 ¹4475·26 ¹4 88411010 51 791594774916 4903
, ’144644014618131010618080091603 5791648919

20 1449391914478410106310 891611639961685333
· 11 14511931403355 5510.103141 19161015491666538

, ’ 1411011 14130 9910108006 9109434910 84089

14 6083014366 71 101084.40 91 64199 91090839

—u——ae--n———u ,,.·-,.·- *ῃ--ῇ-

14514638308143964410108835 9·101414491701170 ,
61465 51481613 10109511 91663 3434340333 ·

q.. *—·—-·-·—·—=—--—— .μ..-..ι---ι-ι--ιι---σι---ωι

18 147234014885. 6310110184 9168008191313631 5
, 30 14780943134945 ,1010111061 169011813449 4,

 

