2800 ,
Ν. 1303 arith.

130 34473131
2802 33447461
2803 34476231
2804 34477780
2805 34479319

α--μ-

3806 34480877

1807 34482424
2808 34483 971

2809 3344 5517
1810 34487063

2811 44488608

3843 44490447
1813 34431637
33 444444

---ι-ιιιι-ιι-ι----··“““ν

35 11144
1813 3333341111
1813 34500951
2820 34592491

-1-—1--1-

8ἒὲ 3833
118334407103
2824 354 50867
2825 44411134
3836 34 511722
1817 34513258
1313 34314794
254 334516 329
1803334317864

*Q*

28313. 3415'93 99

133134310931

1833 34411466
2834 3·3452 3989
N 212.

44 8034433.Γρ Ν, logan arith

-ι-ι-ι--ηΛ-...μ-ῌ

345 523998 3867 ,
3345255 531 3868 ,

444

83 443706 3869 .
87J33452859 2870· 8
345 0124 3874 .

2839 345 3'1054 1871 ·
14134433 83 1873 ·
4444444 ,1 1
1843 ’34437763

-ι--ι--ι-ιι

1844 34433136

2845 34540823 f ·
1846 34542349 -
18474 354 43 875

2848 534550044

*mn-¹ 1

2849534546924
2850 34548449 ·
825134549972 · 4
2 852 34551495 ,
2853 3-*4553018

35

553

3

3

283
133
,313
1ξ3

1333

·545 57582

28575 44 49403 ,·
384844346063 2 .

——m

133934361141 . ·.
3860 44463660 . .6
3864 44446 5179 8 6

4336Ξ343368336 ¹ ¹ [6

{8⁶4 34504130
3333347833 ‘2859- ἶ, .
1867 45742473 ··

 

