2300
‘⁴ Ν Logam arithm grith N. Logarixb.

‘331 8888333 33333333
2 . 2 684798 336 9 337456 51
333 33 3333

6833378 88 3343 .
88888388 8 8888 3839977333

83703438 3,8
3793389

2 3.705131 8 86
8337336983

3 3710679 83 33 388377Ι 6
33737736 738433377

“ 33714373 2385 3 37744
33716219 238⁶ 7377 704

33738993 3387 33 ι
6368638 2355 33719909 3388 33789343
3999393 3339 33733733 3889 39378333
23662361 23 33733 399 3399 933783979
8.·33738338 3393 337337

u—-n-——u- ——--—- ..u- ὰ

3389 33999997 3339 33737379 3393 33797933
997963 3399 33739339 3393 33789337
999839 3393 33739999 3393 933791241
·5·671⁶9 3393 33733799 3393 793055
973379 3393 337 3937 3399

--—-— σ--ὴ 1——

 

