550⁶

3300 ““““37404410
,3300 37403000

3303 37404993
3304 33400384
3303 37307573

ὶ----ι-·--0-----·7······

550⁶ 37408303
, 3304 37409131
330734090 9
3309 37310728
3310 37411316

...ιτ-κς*

3311 7· 7411704

‘ · 3300 33403090

3303 37418
3333

1655 77416147

“ 3317 70741707
33181 374178175

3309138740 004
330013 334193 390

-5-...;......

5·521 374 7430377
55223. 73430964
330 3 ’37411730
8744437871

5‘ ·=——·¹ ..α-α

,· 4300 33404009
, 5527 37404839

3308 37403080
3309 374 00460
553 37327251

3330 33408033
5532 3.7428822
0 3333 37409007
33430390

33 74 77470791
33 73 4477474441
34144447..
5538 37433530

3339 3037334134
3 40 3343309
3340 37335881
3340 37430003
3343 3743 3449

nn-—n-n—-n

3344 37338232
5535 37339015
3340 3-7339799
554753734058 0
333481 7441303

--Q—

5539 37432147
55503· 7441970
5551 77447711

5552 37333395.

3337 77443177

3444 37440039

3334408 41
333137447000
3333 33448404
3338 37449083

3493 33449907
330 043343 0748
747 333 33
37353091

30 3

3043 3573 33870
3033 330434 30
404 37355332

3
36
3
3
5
5
36

374562123

W N. 1308431737.

3303 ,3743000
3308 30743099
3309 0943 37437770
5570 3735855‘

5572 37460337
5573537460590

...47711
30 337466 341
5581 374673

ῃ

3380 ,3346789
3383 43· 740807
71111 3141113
3386 ,137471

338713747074
388 3347030

3389 33473341
339013 3737411

· 5591 537 474893

339113747307
3393 {3737633
3394 37377325
5 ,3. 800Ι
333.
3398 4374 8030’
3499 ΟΟ43744010

 

