2600 ’

-—n-——----——--—-----———-„‘·

11044411 444 Ν.34[1μ911“9[949997-
10013413 1404 0034 3400003184 400443400003

0234113011 1631 4-07806 266 3400183·

0334134740 340094 4 266 9 342 6348

413 410 0034011101 070 34003113

0003

4138077 0038 34010748 0071 30040 73· ,

-η--ι-ἰο--ἡμ-η·

2⁶04 1111111 2611 34214394 2⁶72 34268365

03
53
3·
0734ι ¹4¹0 364034326039 3673343999 .
00083410 070 0641 3840170 0074 34007114
0009 34144741 ¹26423 340193 30008 0073 407 03
0010 34160340 0043 334000970 0070 34074861
3
3
3
3

0011 ' ’ἡ '⁹'— ψ ''⁸‘'-

4108009 0044 34000014 0077 34070484
00104 4109730 0043 3.33400407 4678 3··44781·
0643 4171394 00403 ,4443898 4679 342 972w
4464111·11ο116111111111,81· ¹
0613 4174717 0048 340091 ,

*uo—nun·-

0010 34170 77 0049 340308οο 0080 340843 81
4617 34178037 0430 34030439 0083340864·
0018 3.04179090 3134034097 0084 34087803

261934181355 265244235735 1811118111 ··

262034183013 0033 34037370 0080 34090·

un-*aa ——u—nm

000134184670 00343 34039009 0087 34090077
0000 34180307 0033 33404004 0088 34094093
2623¹3418798426 0036 34040081 0689 3409391
26111118111 6111111116111111111141 .
2⁶25 34191293 11181111111116 1611 1111111

3

3

μ’ *un—*¹

2626 31292947 5·934247183 4690 4300731 4
1111111 81111111 111 ,11111 ,
1019112171οό 34252080 1111111116
2630 34199557 334253712 0090 3430719·Ι

fl———ffl4———u—-n——u

²⁶3¹ 3110003 1661 11111143 4611311688·
263334202ὃῖ9 16641344 6974 40983341041·
²⁶34·334204509 2666 33408601, 2699 3431202·

⁶3¹34²0⁶158 266 3426023‘0 2700 34313031

0,10. 0700

 

