ΒΝ Ῑιθὲαηίἶο N [ΗΜ rhb· N. Ιοὲῗῃνςὴ ,

“ 366 6369 9669 339· 69633369 364 9
3666 9 335 25250448 36 ²35⁶5847
303 2148 2⁶ 336 68939633 369 2:5370234
363636 336 33 2963699 336 25682017

· 369 6363996 336 69669636 336 69699339

uun—Qun·—

966, 63693663 339 69366993 336 69369369
. 9646646363 336 29363369 333 3693636963
, 636 9963 33Ι 69363933 933 6936636
. 36936 6 3699969 ’33Ζ 6933666Ι 339 2573031
366 639636 63 333 6993 6936 336 69391636

nun-*¹⁸¹—

366 63963663 3339 6· 9369963
¹ 312 63931936 939 69336699 6
33 {8533} {3333} 9
369 639 3105 3366939396

“ffl—

366 63996636 339 69366693
69966699 39669336666 3696963
135024271 396 6993363Ι 363 696333 6
‘3319 69633963 396 25465427 385 69693693
366 ²5051500 393 69333333 3666966963

*ῃ* ..q—*m

321 25065050' 354 25490033
322 25078559 Ι399 69966663
323 69696669 356 2·5514500 ·

y 324 2510 450 35 2.5526682 390 3359396464
969 25Q3 3969936636 596 652538
’ᾖᾶἷ59599564 ''3'53 ἷξξξῷᾖ 392 959 2861'
³²2} 251454 360 69969669 99 ·

69Ι 633 366 69939636 · 6
32'9 25171959 3⁶²5 25587086
330 25185139 3⁶3 2·5599066

ἰι-*φφ* m*-

3312.5198280 36.5611014
332205211381 365 35699939 ¹39852· 8
33325224442 3·38⁶⁶25⁶411 ³⁹⁹3⁶

· 334 656375 -565 95646669

 

