100 .
mh* Ν. Logarim. .

1501 36763807 633373683863Γ6 6367 36330633
139ο333766 699 6866 084164583193461
630336763330 633636 863366 6363 »6
88688888 88888881 “·

-——=-— -ιΙ-ιυ--ιι -p-U-—n—

15063.1778250 153933 3873 86 397333964939,
6307367 6633 15403 6873603 6373 36367687.

- 1508 33783033 1541 33638786

’8 393333833393 155431914510 158 ·‘

¹ 63373683

6303 36786836 6336 36880834
6360 36783763 6333 368836 33

6366 36736633 6333 36886373 6377·
,, 151231795518 154531884285 6378 ·8
636336738383 6363 36836033 -

3333 {4334 3333 {4334

736636806336 154931900515 36336063 ¹
·’ 8388388 8888833 38883888
}{{9{.1315574⁵1552}1903917 6383 36000633
6360 36868336. 6333 36366763 6386360033

w

884⁶ 155531917304 638 · 8

33Ξ36360086ζ 6383 ·

Ι--ι-ι--α-τ- -ιι-ι--ιι ——t--n——r

15{318333494321526 63333 831928463 ,6336 {322392338
1528 31841234 6 . .
56363 36833073 6

3883683733 638333 36336367 {⁵⁹3 68
3153 833866 {5⁶⁶ 88888888 6883 88888863
,3898393 156.0673195 90 16003·2041200

1600

 

