Ξ 55 Grad.

ΞΜ mm.

3081411 55 515019585 17000508 910686010. 156750
098159565 150108, 60 89170155. 99105959101565658

08157577150000551700577 99101051701561977 .

8781560586415995 3617199472 9910515 558101559506

067815555159 95135015055817150555 99105 57101556655
...8838883886 ,83ἕὲ881888ξὲ

‚- -u—-——-; ——u—-— ...ιη-..ἣ-

83838893 848391981888787819 991661591ομ15586,87 ,

00907600119069817164116 9696993 89844199

218125925139421 31 87817195 99698713161441193

,··,-..,ῇΙ--ι--οι--ι--ι ——n——u-*fi-...q

2081242 29119 1178 8111 39 99097821101448624
1981005 550 13925..01817143691 99096915 5105155798
Ι33889331Ι =39··164731713⁶7 '98096007101435292

1781191, 57 59079 55 171098, 17 9909509910155 606
86 888141911899956881116896 9NJ909419010¹4²9961 ·
15811 575015890 7617115 5970 99095181101507096

1581156501588051817169613 9ᾞ9998378898484638
66466661611111111111· ι

11810895 615 6..84417088362 99089659101516655
10810703 5158585 531.7081478 9908 7071015191
98,1011501585986917075600 99087815101511510 .

881038. 06 158515. 90 170677, 99086901· 10 1508619
781001 01 158009 ,00 7.7060866 99081988 1015015198
6}..8100416138144 1858170 5010 9190851075 10150555

·8,5809871015806001 17057160 · 99085159101506679
480970031 791111 170403 99083243101398020
5811910196 789108117055580 98590007105195650

0809558815780670170066,1 ’ · 99081511 1015907115
1809187915770050170198 99080595101590056
08090170157658191701501 99079 76161 8719 ’

N. 144.

 

