. 59Grad.
WWW

“-“““““““““““““4““““““-“

398633813 369633 33333969· , ’ 993333 936 3393637
38 333 3773693366979683 -67 9933 3733363393739
97 3383 59418573280-43673973805 9350969162289853

--ι--Ι- ——-—-—- unu—”w

368636376863 315 5019664114 97975699 3699833967
33 86689663 363 68 39633333 99339377 36338368
3386673 3636969677 396337 63 99338736 36368699

*8—--l ——u— -1-1 —affl

23 86659 394 868978 56 3963 51 10 * Ι,9747987 369978336
834 8646678968866473 33 63 9333733 36337333

934 8669974436 687544989685889 9934648ό 8688878583,

3648693493 36864963 39696966
3 58900007168530NJ851959⁶593
38 8398399 168419. 19 393869 93

794396737441674179377463 99333388763364639
9 8298886 989888·ἒέ 3:87881388‘

338393376 367973 6739338697 - ·
1385910381 6768633 Ι93393 36 99336383 363339338
12 389399367733 3639339633 99339739363336666

11 0485881443 467440645

883876 35 367398 64194915 83 99776737 3699733
783893.4936,73983 39439369 997739 37369979733
8389649 16708782 7947 79 .

{888 8888787777 7773,
383363, 6336673733393333488 9·9332931102220851·

-**—*—

ς 98374668 3666474839434863 997 779373436993798 ·‘

48373373 3663376619333333 9933 4 7363373333
. 0857167314279519169 9977 36 369939967.

 

