.
ἒξ ’ 80 Grad.
⁴ ‘² mm

ᾴ--ω--ι--ι--η -n--o— ——u———n———n

3098628. 659757644605885 80 99940027 207763 393 ·
929386233 333.439632943·,34 369483

Ἃ.

45 99939815107756181
2898628. 943 434823 693786 ·3993960 20774843
,27986 148225943952 6027423 9993 391107740711'⁸

2998999999959 9949455 «9 99999978 107799999
259860445 3922832469966382 ,1896 .

&0ss

, 2288586 88 588286 84 59757797 9993 8324 2653392263 ‚
²¹ 98585 5025538223 86 596555 5504 99938109107694614

*θῂ-Ι-ι--Ψῌ -ι--ιι--υιῲ

99985 8242 5870804259553625 99997894997989999 ¹

19985 5·75 94589959 955 5945 59998 999979 79 Ι97979959
18985709458502410 · 2 · 9 4 9997979798

. 179865445840011759250095 99937247107664137 “
Ι998599 355829817259149614 99957999 297595 ·
95985559 5819657259049479 99936138 10764897

24498550 68 589953 25 589496 84 99936394 10 7241471
12298 4988389988558858888 88886289588688822

22 983 835 53393388 . 5942107618797 .

··2098530 708579936888 . 723 107 22283
99852590'575 5941 2258455899 99935 594 5293693382

5985059257199173 5806672 9934624107573897 ¹.
‘ 498500915710125957970280 9994499597599455
599495 8957903 99 578741 59· - 5

· 99933737107544206 ,
· 75587705 9Η9933515263536822, 4

ΕῙἫ”““”“”“ ”

 

