⁶ ·13Grad.
Tang. secant.

··· ——.- an-.-—-—-o-

. 0 994999Ι 9968689 ι626999 99968869 9699641

2 22523· ·45 23227686 26263729 9352634 93639401
9 99559Η39939489996964496 9353989 95364595
.· 9393836 969659. 99 953 53396 93656969

. 396949 9696865 39.5.4939693656649
. 9394663 96966499 95 355489 69 3669334
· 997679 96967194 99999989996689

· 99693. 46 93369. ,46 969638. 96 93539663 9. 3693899
. 8 22721792333207102 8587 9996 9699679999

9 995..3699933693496969984 99356 369385 38
10 99 7844299994916969982 9997994699696997

99 22306979 349496969366 8 3586 3393696699

, ’99 9983564993 5433996939 389 9356·802793702315

ι9· 2986941294894816978682 99 9946999767994
94 2289172235169710272789 9989967 99971966
99, ,9898669499 9468 713-„273 8487 9966989 9499719999·

.· 88 229483523577 58 28874898
9993666 93668 99 102748 968
966496 99 69966888788889·

’ἾΙ9969999999798896
-23 9994649 99798 8868798 47 8844 5²9· 8784488

888868 88·879899 3523-589399033

[33 33203092385410102805 572 6969949899 39 9
393938 93 88485 96989986 936667969 33 9995
29 395963 93995669699669 9366663693386893

···—···.— ——a—

.. ι3997788688 9494 9967698 9799 9797969
, · 787102 999 9989899 98 ff

 

