7788Ι ’

7797 77777778
7797 77977779

3393 37343336

53043 73346837
7797 777788 77

-ae—--u—-n

7798 77777877
7797 77778 797
7798 77749799

7799 77779777
7779 77779977

-1-1—1*

7777 77777787
7777 77777787
7777 77777798
,7777 77774777
7777 77777977

7778 77778879
335 33⁶3} 35⁸³
33 {3333

——n——u

7777 77779977
7777 77789779
5323 332615 87
7777 77787789
7777 77787798
77’78 7·“7”’787977
⁵3 77777
{33⁶³ 3266453
7779 77787777

3-333 3 73689873
3333 37363908
3333 37369736

Qn'eb. ¹ N. 3397777737 N 777977νὶ73.

7777777779779 7877779778
33 77777 778 77777
7777 77777977 7779 77799777
777877777788 7777 7799 777

-ιι-ιῌ--ιι

7779 77779799 7777 77797789
40 7777747885 7777 77797788
41 3⁶÷323⁶22 5·033433329·
4 77779885 7777 7779777
43 77777877 7778 77797797

-Γ--μ-ι--Ἶ

23
77 77”’788877777 77797799.
77 77797775 7778 77798798
46 77897995 5339 77797977
88 78779 778977797877

7
3
3
7778 879775 7787 7977 8879
03
7
7

-3---·····—-3

7787”778177877’7797777ζ
7787778 538333310244'
7779 777 77879
77 7977 7788777778 63‘

*aa-nnn·-

7789787 778. 77777779

3
3
3
3
3
3
3
3
3
39
3
3
3
3

3
3
3
3
3
3
3
3
3
3
3
3
3
3

49
50
51
52
537

37387393 538 37333376
3Q728840⁶ 5339 3331558'2'
77789778 7799 77777888
99790079 533917 97916999

-ι--ἰη- -u-fl-'n-J-u

79 ·7779988 7797 77777799
89 77797878 7797 77778797
87 77797778 7797 77779799
87 33293243 7798 77779977
87 77799978 7798 77779779

ιιι-3ο*

’8877898888 7797 9777777777
87777978 97 8798 77777777

8779889858 7799 77777778

3
3
3
3
3
3
3
3
3
3
53⁶⁶
5⁶3

,2-98889330 237297316 ’3Ε12Ξ338888833-
37 · ·

2 .

 

