'1000

ῃ Q& 0011.

33 3333}
1003 40013004

‚ 1101 001111

. 1005 30011661

8 ¹ 1041 30174 07
008 10413017

· 1010 30043114

*an—o·—

1011 30047511
3 1012 30051805
1013 30056094

10111001 011
4 1015 30064660

33 313333
1019 30081742
1020 30086001

*m

· 1021 30090157

. 10113430094504
5 3323 30883880
1015 39010713

-a-——u-

1026 30111474

33 333333

1029 301154
1030 3011371

103 0145105

0149403

4
..ἑ
7

103
03
10Ξὸς 30161974

1011 10100111
1040 30170333

1043 30181843

—t——n--a—

1044 30187045

1111111
1111111

1050 30111893
05 30116017
1052 30110157

1053 30114184 8

1054 30228406
515 30232525

1056 30136 63 8

1057 10110110
1058 30244857

...ι-*ψ

1059 3.,’ῲο148960
100 0 301530 59
1001 30257154
106 2 3160 1145
1003 30103333

-ῄ-,ῌ--ι- ..ι-ι-

’“ 144130131587 1444 30169416 1097 304461

110111111 1 4411011100 1018. 1000101,
1033 30141003 100 030177371 1099 304099
Ι1034 30145105 106867301144 ι1100 ,Ι 13917

3
3015 553 598
3501 7788

1067 30181644ὶ
1068 30185711
1069 30189777
1070 3019383

1071 10111811.

1011 10ὖο
10114101111

1074. 4410044
1075

1076 303

1077 3031115
1078 3031618
1111111
1081 30338157

1081 30341143
1083 303461 5
33 33⁵⁰²⁹³

333 3333333

33 111 ”

---Μ

 

