1100 .

1101 3.0414843Ϊ’ 30546131 116443 0640409·
1101304118161135305499591168430644419
’116111111711 111616111781116916678111
1104 30429691 113730777605 117030681879
1105 30433613 1138 30561413 1141 30685 569

--· ...ιν-ιι- -u--n--n nunnus—u—

1106 30434551 1139 30565 34 114130689146
,1111111 111111 111111
1109 31044935 114130546661 1145 0400349
1110 304 3130 1143 30580461 1146 30404043

· -Ι-ι -u--n—-n και-ῃ

111130454141 117730 707765 .
111130461048 114530588445 117830711473
1113 3046951 11463 0591846 1179 3071713

1114 0468851 1147 30595634 1180 30418810
1111 16171711 8416111419 118116711119

*μὴ- -ι

1116 30446641 . 1181 30416145
,1117 1611861114 · 1181 16711817

1118304818 .’6 114304 3514 f
1119 30483011185 30434183
1110 3.0491180115.306.193 1186 30440844

1111 30496056 1154 ’3061108 1184 30444504
1111 34499919 1155 6:130625820 1188 36404481

1113 30503498 5630619548 118930451818
¹124 30507663111736633334 1190 30755470
1125 30511515 1158 30634086 11913.8075911

*ffl--O ,ιφ-...ιι- *-

11116 30515384 1159 30640844 1192 36461761.
111111 1111111 111131
⁵ . 111930516934944413ᾕ444134 449133444612

*μ- ψ--Δ -u—

, 4 11313054416116 30653950 11943 30480941
11313053 64 11653066 3159 1198 9830486458
111116141199 1166 11666986 111116788111·

1134 34056131 1164306 40409 1200 391811

18111, . 1²0·

 

