2000

Q&

Ν Loagrith· Ν L'ogarihh N. Lorga'th

ΞΞΞ ΞΞΞΞΞΞΞΞ

0009 33069799
0010 33031961

...Ι-...,-

2011 33034101
0010 33036080

1111 111 118118
00143 33040595

1065 33046756

μ’μ’·-

0016 33044905
10673 3047059
0018 33049010
6069 330563 63
6066 330 53564

,,--ι----ι-----·ι

0001 33055663
2022 3. 3057812
1163 330359959
2024 330 60103
1111 11164110

...μ-*6

1116 33066394

2027 11118111

,0008 3307 0670
6069 330728 60

6646336 00557

,1 0043 331016840
. 2044 11111811

6041 533106933
0046 33109036
1117 33111178
2048 3.3311 299

ηιμ-ι..

2049 3·3115420

3
0
3
60763
20Ξ6Ξ

6075 3
6607 33676673

-ι-*ω-

111314

1111111111 ¹ Ῑ6 1

5331· 119657

111111111161 20⁶

*n*

6036 333077699
6036 330 9237
2033 3·3 6374

00 308309 006

Δ3095 33211 ’ ,

1096 33013 913

2099 330οο10
0100 33222193

 

170181 f

