Qum. 79.Ι agan.

.Logaritb. 8

99679· 699 9999 99796776 9768 9986“““’ 98

95077797150 977579797887 956

3980 212

9769 99778667 9796 9979966 6 9969 99868666
9769 99779669 9797 99789977 976 99869779

9769 99779767 9798 99799779

9966 99779978 9999 99797668
97 99789897 9796 99797489
99 99786 96 9796 99797999
9769 99786998 9796 997969 999
9766 99787867 9999 997968 99·

9976 99787666 9999 99797969
9776 99786778 9797 99797779
9777 99789677 97969979 669
33 3333 33 333395

9776 79789999 9999 99799979
77 77777 77 333

9769 99787979 9976 9986699888
76686997 969 977999867

-ι-ι- “Qu-9

9767 99786866 9779 99866876
9976 99787686 9797 99866967
9769 9978 98 9796 99866767
97699978 ¹94 997899869676

767 997886 76 977 998696 76

*ῥα- --υιη

776 99789666 9779 99869769
7899789766 99669 99869779
97 99796677 9967 98967699
9769 99796979 996 6 99869987
9796 99796979 9969 99867996

bunun—nannum- ...ιι-ὴ

9797 99796987 9969 99866996

977079791840 95657 79806 890
977 3333 777 7797777

N' ’779

9777 99869779

9777 99876677
9779 99876987
9779 99876988
9977 99877

9776 99867 97

-ffl

⁹⁵⁷3 ³333
77 332
777777

-μῄ-

9979 398'145'62
9789 99877677
9989 99 877968
9787 99877977
9867 96987 97

*ᾖ

978 99876867
9987 398i7280
9789 99998777
9796 99878786
9797 99878699

9796 39819092
9999 99879799
9999 99879997
77 333

3 333

9799 998667
’9600 39832712

9600

 

