· ““““““1““·““”’111 QQ 6,.. 1361,-
60 933 5805 36050893 95905383 995035 17 51.04158226

59 333336126166181 383113883 33333313 1163133331
3833333· 31163 *ψ’-25638· 3135133 3336333313316633

-————-—--—— ..a—.-W—-u-

53 331858313833· ’53” 31333 3166 33638111 1613131833
313313333138363 113336111 33633613163118636
33 163Η361383831113313333 99697130104124740

5Η5035836095356955 .23 99696655 3055330 587
83333188863888363

55 93221. 86 35559 95 12 27632266 996953

31133111331333311813611338 33633 68’ 3163163 333

333316633133133331553631399605390 305303858

419315855 35636655 5508695 99692227704086918
1111 ..3333 9979 36333 331113
7· 47946

,.--ι-ι Ω-ι--η-ι--σ-σ- -n—— ..mnu——

3833116Η33133663 3613333163 8363636163633533
559933683935598 5835536 871 99 90252 ¹04072015

194109343 ’

96 93105 58 25516992 27406 12 9965 95 55 ¹04⁰⁶8295 ·. ,

5095 962 5559 160 27 3861 86 996893 62 3053365555

· 333368333 33333 33 133 63831 33688366163666861
·33336336133313311333363 3388 ·

3133663661331383313313366 33683333 1113363333

35¹9·305241254081 5335905305 99685350 30505959 ¹ .

36 3333133 13386333 3183 63686333363636615 x

 

