mom ‚

9934 39971242
· 997 997999

9 ,9993999999 ¹ 99869

8 999 99979999

...ιιι-ι* ¹

9999 99979 97
869 8888 8889798998
9999 99979798
9999 99979979

994439975611 9 8·

6 9999 99976998
- 9999 99969999

994⁶ 9937648 5 ’

99143996 9969989 999ζ9 9997699ι 89

9969997 999 99977998

-ω-μ-ι-

399⁶ - 9949 39977794

9999 9997899ι ·

999Ι 99978667 - .··

Ι8889 99969679 9999 99979999
9999 99969997 9999 99979999

·ᾦ9996Ἷ799 9997Γῇ

9999996999 9955 3993313 ·8 · 8

9999 9996699 ’9996 999983
9999999668 99533998125
99967999 999

ιιι-ψ* uun—m

9926 979996 9999 39982157
⁸ 99688896 996 9 999 9999

’ 998886 986996 18 99613.9983029

99989779

’999 999799679
9966 ³1⁹935²⁰⁹

ἶ 2 9999798 99

3 9981791 Ι

9998 39999131
99999 99999966 9

 

