1900
N Logarz 59

5500 505705 50
5500 37709992
5903 37710728
5904 555004 5

· 5555557055 5550
0 555010 5555ξέ5
’ 11515 11115558

5555 55550055

1
1

5505 55505050
5500 55550585

-nn-——n-v-

591¹ 3.7716610
5955 57707544
53913 775079
5914 37718813
Ι 5915 37759747

15505 ,55550000
5508 55500550
5505 57550485
5500 55505005

a—n-——m

5500 55505550
s 5505 55505085
5505 55555505
5554 55550050

5555 55575584

89 5500 55755405 ·

3
.·3

,5945 37741519 5558 55570 55 59
3·

- 5951 3··7745899

N. Logar 51715. Ν. 16577 7759.

5554 55555555 55075555

593537734207 5508 55518088.
5550 55555555 5505 55555000
5555 555550 50 5570 555555
5558 5555 402 59713770571

——nn *ua—-n- u*- uun-uv--n-

55500058
5575, 37761925
59751 5655 00050
5975 5077 5577
5976 7764109⁰

5944 57550588 5555 5505855·
5555 5500080
5980 5565655
5580 155505558

’.ιι-...νοω-

5580150 5508505 ,
5585 55505050
5585 55505500
5550 55550005 5585 53777064,2
59·5337747359 5580 57550505

“ -n—-n- ——n- *ιιι-σιω-

5554 55558088 5585 55550055
5955 555588585 587585 555808
5550555455451185155755
5555 55550550 5550 1555 754188
55585 5550005 5550 7 55555555 -

*Ξ-ρ--ι-ι-Ι· -ι--ἶ-ὑ--μ-

5555 55550555 5550155555508 ·.
5993 55550455
05500 55555050 5554 55555005
5500 55555500 5995 55555850
5505 05555 54058 5550 55558000 ,

ῇῄψ -

5550 55550055
5947 37742979
5548 37743710

ffl——n--u

5949 3774444Ο
5950'- 3··7745170

1 5 55 55555570 5997 37779340·

137716- 104 1998 377 80001

· , 1500 55550850 5999 15580585
. 1 6000 81

 

