mm
47739‘0776143‘2381817882916 99'797773718i7ffl ·

4849917899 947991 9994986991
58 84874 21 14 8.07021717 75 08 9184037 101704677
47848494 4479774 4847849847 9448448 444744944
448484 8644478864 4784444 4 9484444444694447,
441848444 4447744 97 478444 47 9918 4474 444644

58848066 13769938 47 36790 9918 626101693787 .

...···—···- —uu—-n--u-——n--u ·—a--a— *···-¹·

53827897214760688178291 31 99479764 4444694966

441 ²77 4·444474444447844474 9·9178908101688346 ,-
87877767177 821617817876 99178051 1o.168562.6

491847444444744764477484 8474 79176 464446 44 84. “
4448474844 44744 4·447744444 499474478444647474

,4-*α--ι-4-ι- --·- *nunna—q ..μμ-...ιι-

478469774447434 4447784444 49474644444474744

46881673 7·,771769,61 5517775740 99473 60101672037 ,·

45326 974146 6967177 814 994749661494669344 -=

——————--—————--- Nudu- ''···-un-b-u

4482642617146777 87 177605 58 99172040101666606
43 84646. 22 ,84366 6 46 477549 79 9 9171179710. ,4663894
118160983146 444447744448 9447444744466 4477·

,ι -ι--ι-ι- ——-—— ψ’·- *.2.-····-

4182 934 446 029617777835 9,9469455494658463 .
408257793 ¹4⁶41147717730290 994685 9134ο.ι65575ι ,
398 825.606 2146320.077177227.43 9.9167736..51016 530 39 1

ay. ···—···.- -ῄΓ-η-η- 7-2——ffl—...u—

388254420 1462284¹17715204 199466866794659347

3784 5.,477843643739477676 73 99166002701647616 ’

3684 5113571460463217700149 99165137919-3644906 ,

--n———u' *ιι-...ψ

3582494917145955 .22717692633 91642767101642196
441847847444 84444768 4444 946444 4444449487
3 8246202 145773 46 4767764 9. 91 614539 10. 1636779

35282445 614568240 176701. 33 9916167310.1634071
3182429.097145 5591 .61 17662649l 9 916080710163 3⁶4.
30 2477673184 509901765517 73 9..9159937191628657¹

1

 

