Sinus.. Tang. (secant. Log Sin. 7Log. Tang. =

———- μ--α-η-1Ᾰ--α--κ 4 Μαι-,ψῃ

60 84804 87 760044451788707 99 9 928420 54102041108 .

“n—--u--n -ι--ι--Ιι--ιι-ι-ιὴ m*—

59847893911 9997997, ’88676 79 99283411 7777779797
588497496 759698 ,1477885 54949 99789695108046487

578444758 7597947978844489 9928183410203 678 ’ ³

-n--u a———nunuu—-fl— muu-——u—-f

4684747697 9679 8778879778 9921719439'1020 74876 g

548

5418469074194 15 31070188095 545 99978666709099449
5288461261.592078318800833 · 8

518466578 1.55910501.8792131 .

5018916504 031 59002 3818783438 99276285 70 9074046
4984634811388997918774715 99271490102011233
481 8.46193115 879..73018766082 99274695102008431 ’

-1----·---·-1

77784677 787 79869797 18717418 99777899 7676779696
4 ς8458840758 59967 78748764 99273103 709009840 1

44 84337 23 Ι987 88 3018731483 99271 309 10 799777
- 3884341 72 79878678 78777899 99270711101994433
42841 97687 1181843618714243 99 769977 101991631

415 845 10631 5.8089 54 78705647 ,9709774 10. 1988839
4084493801379807918697040 9268314101986043 ·
3 84479321378791 18988413 9767979 10198348 “

4818

77 4443271378761319688713 ·
7689771779 7979777795 8667777 ·26

-υ-Δ--ι-η u——n—-l—-au——t

798774777679747777784947997
4184407. 0157 7² 418 45 ,57 9: 6 .
33848600157271.6261837146*99262704101966494

47 8437039 757770 76 186211005 9 926190'1 101963704 .
3·84334771 3·87069361 ⁶20039 99261098101960913

-8449475688567677590 96092 29210.8195 127¹
4130

 

